赵子轩 主任医师 皮肤科 1 100 1
0 1 0 1 0 1 0 
李明 主任医师 耳鼻喉科 1 101 0
0 0 1 0 1 0 1 
张三 住院医师 儿科 1 102 0
0 0 1 0 1 0 1 
蔡佐松 主治医师 眼科 1 104 0
1 0 1 0 1 0 0 
高兴 副主任医师 口腔科 1 234 0
1 0 1 0 0 1 0 
Peter 住院医师 放射科 1 135 0
0 0 0 1 1 0 1 
毕然 主治医师 内科 1 123 0
0 0 0 1 0 1 0 
李华 主任医师 呼吸科 1 120 0
0 1 0 0 1 0 1 
黄海 主治医师 消化内科 1 154 0
0 0 1 1 0 1 0 
王鹏 住院医师 中医科 1 567 0
1 0 0 1 0 0 0 
李华 主任医师 眼科 1 122 0
0 0 1 0 1 0 1 
Jack 副主任医师 口腔科 1 146 0
0 1 0 0 1 1 0 
林魂 主治医师 内科 1 250 0
1 0 0 0 1 0 0 
梁爽 主任医师 儿科 1 110 1
1 0 1 0 0 1 0 
杨树 主任医师 中医科 0 412 0
1 1 1 1 1 1 1 
张非凡 主治医师 眼科 1 413 0
1 0 1 0 1 0 1 
唐旭涵 主任医师 眼科 1 415 0
0 1 1 0 0 1 0 
宋依林 主治医师 皮肤科 1 416 0
1 0 1 0 0 1 0 
彭彬 主任医师 耳鼻喉科 1 417 0
0 1 0 1 0 1 0 
候成千 主任医师 儿科 1 418 0
0 0 1 0 0 1 1 
李继承 主治医师 口腔科 1 419 0
1 0 1 0 0 1 1 
李莉 主任医师 放射科 1 420 0
0 0 1 0 0 1 0 
郭海波 主治医师 内科 1 421 0
1 1 0 0 0 1 0 
杨君范 主任医师 呼吸科 1 422 0
1 0 1 0 0 1 0 
侯海峰 副主任医师 消化内科 1 423 0
1 0 0 1 0 1 0 
侯丽文 主任医师 中医科 1 424 0
0 0 0 1 0 1 0 
陈玲玲 主治医师 放射科 1 369 0
1 0 0 1 0 1 0 
马冬梅 主任医师 耳鼻喉科 1 246 0
1 0 1 0 0 1 0 
石磊 住院医师 消化内科 1 399 0
1 1 0 0 0 1 0 
宋凯 主任医师 放射科 1 256 0
0 1 0 1 0 1 0 
肖遥 副主任医师 儿科 1 255 0
0 1 0 0 1 1 0 
李丽 主治医师 中医科 1 233 0
1 0 1 0 0 1 0 
薛瑞 主任医师 内科 1 230 0
1 0 1 0 0 1 0 
顾岩 住院医师 口腔科 1 231 0
0 1 0 1 0 1 0 
余庆 主任医师 眼科 1 133 0
1 0 0 1 0 1 0 
李宁 副主任医师 儿科 1 265 0
0 0 1 1 0 1 0 
郝玉思 主治医师 呼吸科 1 365 0
1 0 0 1 0 1 0 
马冬梅 副主任医师 消化内科 1 130 0
0 0 1 0 1 1 0 
张广元 主治医师 皮肤科 1 203 0
0 0 1 0 1 1 1 
Tony 主任医师 中医科 1 254 0
0 0 1 0 1 1 0 
