20101101
张三 25 100000
蔡佐松 主治医师 眼科 104
2020 10 11
1
50 0 0
眼科常规 1 50 0 0
血常规 0 50 0 0
尿常规 0 56 5 0
肝功能 0 102 0 0
肾功能 0 108 0 0
血糖 0 32 0 0
胸透 0 198 0 0
心电图 0 255 0 0
b超 0 299 0 0
磁共振 0 450 0 0
20101111
王五 39 100001
宋依林 主治医师 皮肤科 416
2020 10 11
2
132 14 0
阿莫西林 0 15 5 0
大青叶 0 3 0 0
铝镁加混悬液 0 23 2 0
藿香正气水 0 10 8 0
六味地黄丸 0 17 7 0
血塞通片 0 5 8 0
云南白药 2 66 7 0
牛黄解毒片 0 6 0 0
达克宁软膏 0 13 0 0
糠甾醇片 0 10 0 0
20101161
John 40 100002
郭海波 主治医师 内科 421
2020 10 11
1
210 0 0
眼科常规 0 50 0 0
血常规 0 50 0 0
尿常规 0 56 5 0
肝功能 1 102 0 0
肾功能 1 108 0 0
血糖 0 32 0 0
胸透 0 198 0 0
心电图 0 255 0 0
b超 0 299 0 0
磁共振 0 450 0 0
20101141
王拓 21 100003
李继承 主治医师 口腔科 419
2020 10 11
2
45 15 0
阿莫西林 3 15 5 0
大青叶 0 3 0 0
铝镁加混悬液 0 23 2 0
藿香正气水 0 10 8 0
六味地黄丸 0 17 7 0
血塞通片 0 5 8 0
云南白药 0 66 7 0
牛黄解毒片 0 6 0 0
达克宁软膏 0 13 0 0
糠甾醇片 0 10 0 0
20101181
崔一冰 20 100005
侯海峰 副主任医师 消化内科 423
2020 10 11
1
50 0 0
眼科常规 0 50 0 0
血常规 1 50 0 0
尿常规 0 56 5 0
肝功能 0 102 0 0
肾功能 0 108 0 0
血糖 0 32 0 0
胸透 0 198 0 0
心电图 0 255 0 0
b超 0 299 0 0
磁共振 0 450 0 0
20101151
王文 47 100006
陈玲玲 主治医师 放射科 369
2020 10 11
1
198 0 0
眼科常规 0 50 0 0
血常规 0 50 0 0
尿常规 0 56 5 0
肝功能 0 102 0 0
肾功能 0 108 0 0
血糖 0 32 0 0
胸透 1 198 0 0
心电图 0 255 0 0
b超 0 299 0 0
磁共振 0 450 0 0
20101191
何月 34 100007
王鹏 住院医师 中医科 567
2020 10 11
2
30 0 0
阿莫西林 0 15 5 0
大青叶 0 3 0 0
铝镁加混悬液 0 23 2 0
藿香正气水 0 10 8 0
六味地黄丸 0 17 7 0
血塞通片 0 5 8 0
云南白药 0 66 7 0
牛黄解毒片 5 6 0 0
达克宁软膏 0 13 0 0
糠甾醇片 0 10 0 0
20101171
李青 65 100008
杨君范 主任医师 呼吸科 422
2020 10 11
1
198 0 0
眼科常规 0 50 0 0
血常规 0 50 0 0
尿常规 0 56 5 0
肝功能 0 102 0 0
肾功能 0 108 0 0
血糖 0 32 0 0
胸透 1 198 0 0
心电图 0 255 0 0
b超 0 299 0 0
磁共振 0 450 0 0
20101121
马东 36 100009
马冬梅 主任医师 耳鼻喉科 246
2020 10 11
2
69 6 0
阿莫西林 0 15 5 0
大青叶 0 3 0 0
铝镁加混悬液 3 23 2 0
藿香正气水 0 10 8 0
六味地黄丸 0 17 7 0
血塞通片 0 5 8 0
云南白药 0 66 7 0
牛黄解毒片 0 6 0 0
达克宁软膏 0 13 0 0
糠甾醇片 0 10 0 0
20101182
刘帅 68 100010
侯海峰 副主任医师 消化内科 423
2020 10 11
3
2020 10 11
2020 10 19
1100
2003
20101142
刘琦 23 100011
高兴 副主任医师 口腔科 234
2020 10 11
2
40 0 0
阿莫西林 0 15 5 0
大青叶 0 3 0 0
铝镁加混悬液 0 23 2 0
藿香正气水 0 10 8 0
六味地黄丸 0 17 7 0
血塞通片 0 5 8 0
云南白药 0 66 7 0
牛黄解毒片 0 6 0 0
达克宁软膏 0 13 0 0
糠甾醇片 4 10 0 0
20101131
赵迪 10 100012
梁爽 主任医师 儿科 110
2020 10 11
1
50 0 0
眼科常规 0 50 0 0
血常规 1 50 0 0
尿常规 0 56 5 0
肝功能 0 102 0 0
肾功能 0 108 0 0
血糖 0 32 0 0
胸透 0 198 0 0
心电图 0 255 0 0
b超 0 299 0 0
磁共振 0 450 0 0
20101241
王强 37 100013
Jack 副主任医师 口腔科 146
2020 10 12
2
85 35 0
阿莫西林 0 15 5 0
大青叶 0 3 0 0
铝镁加混悬液 0 23 2 0
藿香正气水 0 10 8 0
六味地黄丸 5 17 7 0
血塞通片 0 5 8 0
云南白药 0 66 7 0
牛黄解毒片 0 6 0 0
达克宁软膏 0 13 0 0
糠甾醇片 0 10 0 0
20101261
John 24 100014
郭海波 主治医师 内科 421
2020 10 12
1
164 5 0
眼科常规 0 50 0 0
血常规 0 50 0 0
尿常规 1 56 5 0
肝功能 0 102 0 0
肾功能 1 108 0 0
血糖 0 32 0 0
胸透 0 198 0 0
心电图 0 255 0 0
b超 0 299 0 0
磁共振 0 450 0 0
20101221
姜海洋 35 100014
彭彬 主任医师 耳鼻喉科 417
2020 10 12
2
26 0 0
阿莫西林 0 15 5 0
大青叶 0 3 0 0
铝镁加混悬液 0 23 2 0
藿香正气水 0 10 8 0
六味地黄丸 0 17 7 0
血塞通片 0 5 8 0
云南白药 0 66 7 0
牛黄解毒片 0 6 0 0
达克宁软膏 2 13 0 0
糠甾醇片 0 10 0 0
20101242
李波 56 100015
Jack 副主任医师 口腔科 146
2020 10 12
3
2020 10 12
2020 10 13
0
2020
20101211
胡波 36 100016
赵子轩 主任医师 皮肤科 100
2020 10 12
2
73 14 0
阿莫西林 0 15 5 0
大青叶 0 3 0 0
铝镁加混悬液 0 23 2 0
藿香正气水 0 10 8 0
六味地黄丸 2 17 7 0
血塞通片 0 5 8 0
云南白药 0 66 7 0
牛黄解毒片 0 6 0 0
达克宁软膏 3 13 0 0
糠甾醇片 0 10 0 0
20101281
张广元 26 100016
石磊 住院医师 消化内科 399
2020 10 12
1
299 0 0
眼科常规 0 50 0 0
血常规 0 50 0 0
尿常规 0 56 5 0
肝功能 0 102 0 0
肾功能 0 108 0 0
血糖 0 32 0 0
胸透 0 198 0 0
心电图 0 255 0 0
b超 1 299 0 0
磁共振 0 450 0 0
20101262
张丹峰 45 100017
郭海波 主治医师 内科 421
2020 10 12
1
552 0 0
眼科常规 0 50 0 0
血常规 0 50 0 0
尿常规 0 56 5 0
肝功能 1 102 0 0
肾功能 0 108 0 0
血糖 0 32 0 0
胸透 0 198 0 0
心电图 0 255 0 0
b超 0 299 0 0
磁共振 1 450 0 0
20101271
郑燕 56 100018
李华 主任医师 呼吸科 120
2020 10 12
3
2020 10 12
2020 10 16
500
2010
20101201
王英超 24 100019
唐旭涵 主任医师 眼科 415
2020 10 12
1
50 0 0
眼科常规 1 50 0 0
血常规 0 50 0 0
尿常规 0 56 5 0
肝功能 0 102 0 0
肾功能 0 108 0 0
血糖 0 32 0 0
胸透 0 198 0 0
心电图 0 255 0 0
b超 0 299 0 0
磁共振 0 450 0 0
20101251
成语 32 100020
宋凯 主任医师 放射科 256
2020 10 12
1
198 0 0
眼科常规 0 50 0 0
血常规 0 50 0 0
尿常规 0 56 5 0
肝功能 0 102 0 0
肾功能 0 108 0 0
血糖 0 32 0 0
胸透 1 198 0 0
心电图 0 255 0 0
b超 0 299 0 0
磁共振 0 450 0 0
20101222
肖遥 21 100021
彭彬 主任医师 耳鼻喉科 417
2020 10 12
2
69 6 0
阿莫西林 0 15 5 0
大青叶 0 3 0 0
铝镁加混悬液 3 23 2 0
藿香正气水 0 10 8 0
六味地黄丸 0 17 7 0
血塞通片 0 5 8 0
云南白药 0 66 7 0
牛黄解毒片 0 6 0 0
达克宁软膏 0 13 0 0
糠甾醇片 0 10 0 0
20101231
郑艳 9 100022
肖遥 副主任医师 儿科 255
2020 10 12
2
208 37 0
阿莫西林 0 15 5 0
大青叶 0 3 0 0
铝镁加混悬液 0 23 2 0
藿香正气水 0 10 8 0
六味地黄丸 0 17 7 0
血塞通片 2 5 8 0
云南白药 3 66 7 0
牛黄解毒片 0 6 0 0
达克宁软膏 0 13 0 0
糠甾醇片 0 10 0 0
20101341
张立兵 58 100023
李继承 主治医师 口腔科 419
2020 10 13
3
2020 10 13
2020 10 17
200
2005
20101381
王金娜 43 100024
黄海 主治医师 消化内科 154
2020 10 13
1
82 0 0
眼科常规 0 50 0 0
血常规 1 50 0 0
尿常规 0 56 5 0
肝功能 0 102 0 0
肾功能 0 108 0 0
血糖 1 32 0 0
胸透 0 198 0 0
心电图 0 255 0 0
b超 0 299 0 0
磁共振 0 450 0 0
20101321
江天 23 100025
李明 主任医师 耳鼻喉科 101
2020 10 13
2
52 14 0
阿莫西林 0 15 5 0
大青叶 0 3 0 0
铝镁加混悬液 0 23 2 0
藿香正气水 0 10 8 0
六味地黄丸 2 17 7 0
血塞通片 0 5 8 0
云南白药 0 66 7 0
牛黄解毒片 3 6 0 0
达克宁软膏 0 13 0 0
糠甾醇片 0 10 0 0
20101351
高歌 28 100026
李莉 主任医师 放射科 420
2020 10 13
1
198 0 0
眼科常规 0 50 0 0
血常规 0 50 0 0
尿常规 0 56 5 0
肝功能 0 102 0 0
肾功能 0 108 0 0
血糖 0 32 0 0
胸透 1 198 0 0
心电图 0 255 0 0
b超 0 299 0 0
磁共振 0 450 0 0
20101311
高忠磊 46 100027
宋依林 主治医师 皮肤科 416
2020 10 13
2
208 37 0
阿莫西林 0 15 5 0
大青叶 0 3 0 0
铝镁加混悬液 0 23 2 0
藿香正气水 0 10 8 0
六味地黄丸 0 17 7 0
血塞通片 2 5 8 0
云南白药 3 66 7 0
牛黄解毒片 0 6 0 0
达克宁软膏 0 13 0 0
糠甾醇片 0 10 0 0
20101301
刘磊 38 100029
张非凡 主治医师 眼科 413
2020 10 13
1
50 0 0
眼科常规 1 50 0 0
血常规 0 50 0 0
尿常规 0 56 5 0
肝功能 0 102 0 0
肾功能 0 108 0 0
血糖 0 32 0 0
胸透 0 198 0 0
心电图 0 255 0 0
b超 0 299 0 0
磁共振 0 450 0 0
20101382
韩佳冰 24 100030
黄海 主治医师 消化内科 154
2020 10 13
2
88 17 0
阿莫西林 3 15 5 0
大青叶 0 3 0 0
铝镁加混悬液 1 23 2 0
藿香正气水 0 10 8 0
六味地黄丸 0 17 7 0
血塞通片 0 5 8 0
云南白药 0 66 7 0
牛黄解毒片 0 6 0 0
达克宁软膏 0 13 0 0
糠甾醇片 2 10 0 0
20101371
郭腾达 57 100031
杨君范 主任医师 呼吸科 422
2020 10 13
1
248 0 0
眼科常规 0 50 0 0
血常规 1 50 0 0
尿常规 0 56 5 0
肝功能 0 102 0 0
肾功能 0 108 0 0
血糖 0 32 0 0
胸透 1 198 0 0
心电图 0 255 0 0
b超 0 299 0 0
磁共振 0 450 0 0
20101352
刘汉伦 34 100032
李莉 主任医师 放射科 420
2020 10 13
1
450 0 0
眼科常规 0 50 0 0
血常规 0 50 0 0
尿常规 0 56 5 0
肝功能 0 102 0 0
肾功能 0 108 0 0
血糖 0 32 0 0
胸透 0 198 0 0
心电图 0 255 0 0
b超 0 299 0 0
磁共振 1 450 0 0
20101391
麦迪努尔・艾尼瓦尔 32 100033
李丽 主治医师 中医科 233
2020 10 13
2
54 30 0
阿莫西林 0 15 5 0
大青叶 0 3 0 0
铝镁加混悬液 0 23 2 0
藿香正气水 2 10 8 0
六味地黄丸 2 17 7 0
血塞通片 0 5 8 0
云南白药 0 66 7 0
牛黄解毒片 0 6 0 0
达克宁软膏 0 13 0 0
糠甾醇片 0 10 0 0
20101342
金华 25 100034
高兴 副主任医师 口腔科 234
2020 10 13
2
60 15 0
阿莫西林 3 15 5 0
大青叶 5 3 0 0
铝镁加混悬液 0 23 2 0
藿香正气水 0 10 8 0
六味地黄丸 0 17 7 0
血塞通片 0 5 8 0
云南白药 0 66 7 0
牛黄解毒片 0 6 0 0
达克宁软膏 0 13 0 0
糠甾醇片 0 10 0 0
20101361
杨百汇 45 100036
薛瑞 主任医师 内科 230
2020 10 13
1
134 0 0
眼科常规 0 50 0 0
血常规 0 50 0 0
尿常规 0 56 5 0
肝功能 1 102 0 0
肾功能 0 108 0 0
血糖 1 32 0 0
胸透 0 198 0 0
心电图 0 255 0 0
b超 0 299 0 0
磁共振 0 450 0 0
20101331
张靖童 12 100037
张三 住院医师 儿科 102
2020 10 13
2
66 21 0
阿莫西林 0 15 5 0
大青叶 5 3 0 0
铝镁加混悬液 0 23 2 0
藿香正气水 0 10 8 0
六味地黄丸 3 17 7 0
血塞通片 0 5 8 0
云南白药 0 66 7 0
牛黄解毒片 0 6 0 0
达克宁软膏 0 13 0 0
糠甾醇片 0 10 0 0
20101383
李迪贤 60 100038
黄海 主治医师 消化内科 154
2020 10 13
2
70 40 0
阿莫西林 0 15 5 0
大青叶 5 3 0 0
铝镁加混悬液 0 23 2 0
藿香正气水 0 10 8 0
六味地黄丸 0 17 7 0
血塞通片 5 5 8 0
云南白药 0 66 7 0
牛黄解毒片 0 6 0 0
达克宁软膏 0 13 0 0
糠甾醇片 3 10 0 0
20101481
平志兰 73 100039
侯海峰 副主任医师 消化内科 423
2020 10 14
3
2020 10 14
2020 10 20
600
2006
20101421
徐婷 32 100040
彭彬 主任医师 耳鼻喉科 417
2020 10 14
2
71 15 0
阿莫西林 3 15 5 0
大青叶 0 3 0 0
铝镁加混悬液 0 23 2 0
藿香正气水 0 10 8 0
六味地黄丸 0 17 7 0
血塞通片 0 5 8 0
云南白药 0 66 7 0
牛黄解毒片 0 6 0 0
达克宁软膏 2 13 0 0
糠甾醇片 0 10 0 0
20101411
陈玲玲 25 100002
赵子轩 主任医师 皮肤科 100
2020 10 14
2
171 14 0
阿莫西林 0 15 5 0
大青叶 0 3 0 0
铝镁加混悬液 0 23 2 0
藿香正气水 0 10 8 0
六味地黄丸 0 17 7 0
血塞通片 0 5 8 0
云南白药 2 66 7 0
牛黄解毒片 0 6 0 0
达克宁软膏 3 13 0 0
糠甾醇片 0 10 0 0
20101441
林宇 36 100042
顾岩 住院医师 口腔科 231
2020 10 14
2
18 0 0
阿莫西林 0 15 5 0
大青叶 0 3 0 0
铝镁加混悬液 0 23 2 0
藿香正气水 0 10 8 0
六味地黄丸 0 17 7 0
血塞通片 0 5 8 0
云南白药 0 66 7 0
牛黄解毒片 3 6 0 0
达克宁软膏 0 13 0 0
糠甾醇片 0 10 0 0
20101401
王江平 47 100043
余庆 主任医师 眼科 133
2020 10 14
1
100 0 0
眼科常规 1 50 0 0
血常规 1 50 0 0
尿常规 0 56 5 0
肝功能 0 102 0 0
肾功能 0 108 0 0
血糖 0 32 0 0
胸透 0 198 0 0
心电图 0 255 0 0
b超 0 299 0 0
磁共振 0 450 0 0
20101461
黄仁贤 69 100044
毕然 主治医师 内科 123
2020 10 14
3
2020 10 14
2020 10 23
800
2008
20101482
李琦 35 100045
黄海 主治医师 消化内科 154
2020 10 14
2
45 34 0
阿莫西林 2 15 5 0
大青叶 0 3 0 0
铝镁加混悬液 0 23 2 0
藿香正气水 0 10 8 0
六味地黄丸 0 17 7 0
血塞通片 3 5 8 0
云南白药 0 66 7 0
牛黄解毒片 0 6 0 0
达克宁软膏 0 13 0 0
糠甾醇片 0 10 0 0
20101412
刘青 13 100046
赵子轩 主任医师 皮肤科 100
2020 10 14
2
54 0 0
阿莫西林 0 15 5 0
大青叶 5 3 0 0
铝镁加混悬液 0 23 2 0
藿香正气水 0 10 8 0
六味地黄丸 0 17 7 0
血塞通片 0 5 8 0
云南白药 0 66 7 0
牛黄解毒片 0 6 0 0
达克宁软膏 3 13 0 0
糠甾醇片 0 10 0 0
20101451
董振鹏 31 100047
Peter 住院医师 放射科 135
2020 10 14
1
198 0 0
眼科常规 0 50 0 0
血常规 0 50 0 0
尿常规 0 56 5 0
肝功能 0 102 0 0
肾功能 0 108 0 0
血糖 0 32 0 0
胸透 1 198 0 0
心电图 0 255 0 0
b超 0 299 0 0
磁共振 0 450 0 0
20101442
宋江 38 100049
顾岩 住院医师 口腔科 231
2020 10 14
2
66 21 0
阿莫西林 0 15 5 0
大青叶 5 3 0 0
铝镁加混悬液 0 23 2 0
藿香正气水 0 10 8 0
六味地黄丸 3 17 7 0
血塞通片 0 5 8 0
云南白药 0 66 7 0
牛黄解毒片 0 6 0 0
达克宁软膏 0 13 0 0
糠甾醇片 0 10 0 0
20101431
王帅 6 100050
李宁 副主任医师 儿科 265
2020 10 14
1
50 0 0
眼科常规 1 50 0 0
血常规 0 50 0 0
尿常规 0 56 5 0
肝功能 0 102 0 0
肾功能 0 108 0 0
血糖 0 32 0 0
胸透 0 198 0 0
心电图 0 255 0 0
b超 0 299 0 0
磁共振 0 450 0 0
20101491
高歌 21 100051
王鹏 住院医师 中医科 567
2020 10 14
2
71 37 0
阿莫西林 0 15 5 0
大青叶 0 3 0 0
铝镁加混悬液 0 23 2 0
藿香正气水 2 10 8 0
六味地黄丸 3 17 7 0
血塞通片 0 5 8 0
云南白药 0 66 7 0
牛黄解毒片 0 6 0 0
达克宁软膏 0 13 0 0
糠甾醇片 0 10 0 0
20101471
刘雷 23 100052
郝玉思 主治医师 呼吸科 365
2020 10 14
1
198 0 0
眼科常规 0 50 0 0
血常规 0 50 0 0
尿常规 0 56 5 0
肝功能 0 102 0 0
肾功能 0 108 0 0
血糖 0 32 0 0
胸透 1 198 0 0
心电图 0 255 0 0
b超 0 299 0 0
磁共振 0 450 0 0
20101561
刘清占 74 100053
林魂 主治医师 内科 250
2020 10 15
3
2020 10 15
2020 10 20
600
2002
20101581
杨过 56 100054
马冬梅 副主任医师 消化内科 130
2020 10 15
1
106 5 0
眼科常规 0 50 0 0
血常规 1 50 0 0
尿常规 1 56 5 0
肝功能 0 102 0 0
肾功能 0 108 0 0
血糖 0 32 0 0
胸透 0 198 0 0
心电图 0 255 0 0
b超 0 299 0 0
磁共振 0 450 0 0
20101541
孟庆鹏 39 100055
Jack 副主任医师 口腔科 146
2020 10 15
2
60 39 0
阿莫西林 3 15 5 0
大青叶 0 3 0 0
铝镁加混悬液 0 23 2 0
藿香正气水 0 10 8 0
六味地黄丸 0 17 7 0
血塞通片 3 5 8 0
云南白药 0 66 7 0
牛黄解毒片 0 6 0 0
达克宁软膏 0 13 0 0
糠甾醇片 0 10 0 0
20101542
刘雷 23 100056
Jack 副主任医师 口腔科 146
2020 10 15
2
232 35 0
阿莫西林 0 15 5 0
大青叶 0 3 0 0
铝镁加混悬液 0 23 2 0
藿香正气水 0 10 8 0
六味地黄丸 2 17 7 0
血塞通片 0 5 8 0
云南白药 3 66 7 0
牛黄解毒片 0 6 0 0
达克宁软膏 0 13 0 0
糠甾醇片 0 10 0 0
20101582
何奕言 32 100057
马冬梅 副主任医师 消化内科 130
2020 10 15
1
88 5 0
眼科常规 0 50 0 0
血常规 0 50 0 0
尿常规 1 56 5 0
肝功能 0 102 0 0
肾功能 0 108 0 0
血糖 1 32 0 0
胸透 0 198 0 0
心电图 0 255 0 0
b超 0 299 0 0
磁共振 0 450 0 0
20101521
张丹凤 43 100058
李明 主任医师 耳鼻喉科 101
2020 10 15
2
95 6 0
阿莫西林 0 15 5 0
大青叶 0 3 0 0
铝镁加混悬液 3 23 2 0
藿香正气水 0 10 8 0
六味地黄丸 0 17 7 0
血塞通片 0 5 8 0
云南白药 0 66 7 0
牛黄解毒片 0 6 0 0
达克宁软膏 2 13 0 0
糠甾醇片 0 10 0 0
20101531
殷悦 9 100059
肖遥 副主任医师 儿科 255
2020 10 15
2
30 0 0
阿莫西林 0 15 5 0
大青叶 0 3 0 0
铝镁加混悬液 0 23 2 0
藿香正气水 0 10 8 0
六味地黄丸 0 17 7 0
血塞通片 0 5 8 0
云南白药 0 66 7 0
牛黄解毒片 0 6 0 0
达克宁软膏 0 13 0 0
糠甾醇片 3 10 0 0
20101543
于建璐 26 100060
Jack 副主任医师 口腔科 146
2020 10 15
3
2020 10 15
2020 10 17
800
2013
20101501
王英超 26 100061
李华 主任医师 眼科 122
2020 10 15
1
50 0 0
眼科常规 1 50 0 0
血常规 0 50 0 0
尿常规 0 56 5 0
肝功能 0 102 0 0
肾功能 0 108 0 0
血糖 0 32 0 0
胸透 0 198 0 0
心电图 0 255 0 0
b超 0 299 0 0
磁共振 0 450 0 0
20101511
石磊 25 100069
张广元 主治医师 皮肤科 203
2020 10 15
2
177 43 0
阿莫西林 1 15 5 0
大青叶 0 3 0 0
铝镁加混悬液 0 23 2 0
藿香正气水 3 10 8 0
六味地黄丸 0 17 7 0
血塞通片 0 5 8 0
云南白药 2 66 7 0
牛黄解毒片 0 6 0 0
达克宁软膏 0 13 0 0
糠甾醇片 0 10 0 0
20101591
Trump 78 100070
Tony 主任医师 中医科 254
2020 10 15
3
2020 10 15
2020 10 22
1400
2012
20101544
姜海洋 29 123456
Jack 副主任医师 口腔科 146
2020 10 15
2
244 25 0
阿莫西林 0 15 5 0
大青叶 0 3 0 0
铝镁加混悬液 2 23 2 0
藿香正气水 0 10 8 0
六味地黄丸 0 17 7 0
血塞通片 0 5 8 0
云南白药 3 66 7 0
牛黄解毒片 0 6 0 0
达克宁软膏 0 13 0 0
糠甾醇片 0 10 0 0
20101583
郑岩 41 100077
马冬梅 副主任医师 消化内科 130
2020 10 15
2
73 24 0
阿莫西林 2 15 5 0
大青叶 3 3 0 0
铝镁加混悬液 0 23 2 0
藿香正气水 0 10 8 0
六味地黄丸 2 17 7 0
血塞通片 0 5 8 0
云南白药 0 66 7 0
牛黄解毒片 0 6 0 0
达克宁软膏 0 13 0 0
糠甾醇片 0 10 0 0
20101551
张景通 54 100079
Peter 住院医师 放射科 135
2020 10 15
3
2020 10 15
2020 10 18
800
2004
20101571
张丽冰 15 235791
李华 主任医师 呼吸科 120
2020 10 15
1
248 0 0
眼科常规 0 50 0 0
血常规 1 50 0 0
尿常规 0 56 5 0
肝功能 0 102 0 0
肾功能 0 108 0 0
血糖 0 32 0 0
胸透 1 198 0 0
心电图 0 255 0 0
b超 0 299 0 0
磁共振 0 450 0 0